// ==UserScript==
// @name         Rename attacks
// @version      1.22
// @description  Easy naming attacks (compatible with "Types villages (village)" and "Types villages (report)"
// @author       Foxtal
// @match        *://*.plemiona.pl/game.php?village=*&screen=overview_villages*subtype=attacks*
// @match        *://*.plemiona.pl/game.php?village=*&screen=overview_villages*mode=incomings*subtype=attacks&group=*&page=*&subtype=attacks*
// @match        *://*.plemiona.pl/game.php?t=*&village=*&screen=overview_villages*mode=incomings*subtype=attacks
// @match        *://*.plemiona.pl/game.php?t=*&village=*&screen=overview_villages*mode=incomings*subtype=attacks&group=*&page=*&subtype=attacks*
// @icon         https://www.google.com/s2/favicons?sz=64&domain=plemiona.pl
// ==/UserScript==

//////////////////////////////////////////
var villages = [
    ["PADŁ/29.08" , "350|619 339|620 604|497 417|506 397|537 401|539 396|536 619|489 403|539 425|534 399|536 585|493 416|510 397|531 401|534 400|533 406|508 413|511 400|505 402|504 399|527 402|524 406|533 411|510 404|504 403|524 408|509 399|509 401|529 401|518 405|531 414|512 402|514 594|496 590|493 417|518 416|508 403|527 402|515 592|478"],
    ["PADŁ/28.08" ,"308|544 311|545 491|490 447|651 483|628 555|677 499|488 413|643 417|653"],
    ["PADŁ/26.08" ,"559|504 591|539 549|535 550|522 528|521 539|527 537|545 527|521 543|526 565|535 543|520 557|531 532|518 547|542 393|568 529|503 329|555 369|555 349|553 327|559 358|553 320|559 501|526 517|532 520|534 523|524 462|544 452|534 456|529 448|534 441|528 457|529 526|493 488|541 485|542 573|507 520|518 564|527 528|514 541|511 524|517 535|515 539|513 527|512 538|514 389|567 523|511 395|570 524|522 559|504 591|539 549|535 550|522 528|521 544|521 539|527 537|545 527|521 543|526 565|535 543|520 557|531 532|518 547|542 541|504 393|568 529|503 517|507 567|592 566|594 537|591 537|587 405|661 507|557 618|538 521|561 509|679 623|533 357|560 302|515 302|533 323|557 623|508 636|510 620|507 599|602 652|525 502|627 612|506 611|505 623|503 630|520 620|502 295|534 314|555 335|564 304|553 317|561 335|560 315|543 325|548 361|561 349|562 314|543 349|561 313|561 333|565 302|543 314|540 334|563"],
    ["PADŁ/25.08" ,"480|684 653|575 592|578 591|584 594|583 524|522 559|504 319|579 304|570 331|604 323|607 332|616 342|600 331|607 331|597 341|585 333|594 335|604 323|588 337|599 322|584 329|586 323|582 505|652 522|678 337|539 346|642 328|612 322|596 337|601 325|609 339|585 331|585 326|590 347|582 329|615 320|589 325|596 329|590 330|600 331|595 327|588 332|589 324|587 333|587 309|588 331|626 326|595 329|585 331|584 330|594"],
    ["OFF", "426|673 302|555 535|631 608|593 643|552 617|579 555|694 554|655 332|569 473|492 471|495 478|490 465|493 479|546 476|492 476|493 480|491 469|496 465|495 477|489 482|489 377|645 688|518 684|523 415|647 331|598 548|693 484|563 472|527 447|702 563|694 412|649 314|573 382|577 323|581 497|540 585|591 342|621 319|566 344|619 311|579 487|550 314|596 367|571 348|624 348|617 530|687 452|698 535|595 368|575 370|585 645|576 458|700 376|585 438|571 313|579 374|582 400|646 519|586 372|577 381|567 510|595 385|583 411|659 415|649 329|584 466|707 409|649 419|653 535|701 357|564 392|657 566|698 451|705 649|524 367|562 423|656 416|541 315|560 364|573 317|553 351|599 316|575 375|561 434|657 372|628 488|653 400|655 543|686 359|562 371|572 367|628 664|587 464|699 564|509 492|556 464|703 353|551 477|708 407|527 376|564 424|547 417|555 407|660 485|652 339|620 340|548 374|578 539|687 383|652 391|643 358|558 451|559 380|577 377|577 545|692 483|653 558|501 316|591 549|692 430|663 365|642 427|611 468|706 418|562 545|633 316|559 653|628 301|557 324|599 483|558 645|640 621|572 352|560 318|562 489|547 370|575 501|609 474|703 384|595 587|668 503|601 647|496 643|497 359|561 373|577 641|499 642|500 648|624 319|549 491|656 428|699 329|581 646|507 642|504 639|502 332|583 638|508 656|507 640|504 642|506 636|511 642|509 652|509 641|478 643|479 641|514 642|476 649|477 646|475 644|475 471|550 591|533 379|582 702|510 555|508 643|470 391|609 673|488 652|472 646|466 642|472 644|468 458|493 474|499 470|495 465|497 644|470 594|639 648|472 427|668 513|681 306|571 517|610 506|615 327|569 333|565 452|622 375|541 598|666 659|482 471|646 559|504 401|502 375|575 412|512 403|550 436|516 323|557 518|495 397|537 400|540 446|554 434|514 401|540 451|520 397|538 388|527 446|551 396|536 403|539 389|532 337|539 436|518 398|528 447|548 390|524 436|501 392|529 413|516 391|527 416|494 388|516 432|514 455|644 465|542 462|635 476|583 484|527 568|591 389|577 527|685 526|692 515|563 381|556 524|536 401|497 314|516 447|500 448|501 388|515 431|539 389|490 388|513 604|477 600|475 608|477 387|501 393|487 431|540 432|538 433|547 417|544 389|515 359|522 447|544 451|542 406|533 392|494 392|497 394|525 396|487 416|493 475|513 343|534 431|479 458|524 474|512 395|525 396|526 396|525 409|514 408|509 413|500 436|533 413|489 413|520 409|504 439|521 457|525 395|496 408|514 395|521 395|497 407|478 472|504 473|509 395|517 472|508 472|509 395|511 454|520 401|518 455|517 443|540 452|559 456|558 452|560 439|559 521|532 412|683 611|615 400|491 405|516 445|534 455|514 405|495 408|520 404|519 438|534 406|522 405|492 436|536 406|508 406|506 472|501 413|497 407|514 393|549 427|534 429|490 447|511 442|536 416|510 416|508 436|483 458|530 417|505 417|506 507|667 451|548 433|546 435|530 504|498 508|499 504|496 593|486 432|493 427|518 420|498 406|501 463|533 406|494 404|502 509|498 454|516 412|491 436|528 404|504 417|526 416|524 421|520 416|513 413|511 449|508 425|534 370|521 437|550 421|499 427|566 509|514 428|553 501|518 427|559 423|502 440|554 446|558 453|555 417|518 426|525 424|515 376|518 424|513 423|516 414|482 423|503 475|528 407|509 407|499 385|532 435|548 394|552 448|534 642|459 299|499 409|494 414|483 438|506 440|508 436|504 414|512 329|538 318|540 308|577 291|536 312|536 306|575 329|529 307|533 332|532 449|554 313|569 302|533 317|568 318|566 305|528 307|560 411|510 587|477 457|523 652|608 328|600 456|664 347|626 431|557 513|617 689|557 656|588 683|515 518|530 606|571 391|591 515|525 452|667 482|553 521|697 555|619 444|596 686|490 482|560 444|675 576|667 494|646 646|486 381|576 466|614 368|569 675|518 670|597 477|516 627|623 563|516 682|494 416|546 426|565 515|660 520|504 412|547 611|660 614|624 425|566 392|506 443|546 441|546 695|488 403|516 433|495 400|523 496|498 482|504 421|494 418|484 343|520 488|401 374|531 351|519 485|488 332|509 354|525 506|492 421|503 353|523 358|526 323|538 606|482 466|522 450|574 468|522 386|487 403|474 405|473 495|588 482|556 588|611 442|651 501|496 506|601 493|565 581|579 672|525 499|504 507|641 662|509 573|608 587|578 451|660 438|662 473|527 436|661 444|603 470|568 666|520 561|522 562|619 513|702 450|520 448|523 450|523 451|523 399|509 350|587 414|545 413|544 488|524 319|556 481|535 448|594 630|484 437|697 542|545 627|486 629|480 473|575 452|504 380|578 593|528 374|568 573|507 448|502 395|580 463|593 569|643 385|576 519|571 516|495 315|561 483|684 439|594 345|589 574|577 370|582 573|500 502|624 406|540 467|687 494|594 467|534 511|563 636|515 378|581 369|557 521|561 377|542 381|566 377|560 429|691 546|677 500|589 455|635 622|490 356|614 494|554 499|588 341|596 452|672 385|566 639|498 405|617 508|595 440|548 530|514 536|681 457|688 497|618 459|643 522|538 503|597 559|666 638|512 376|566 342|589 544|675 307|558 576|500 319|581 544|669 434|693 628|610 509|614 538|671 399|574 522|616 555|663 350|619 511|617 463|538 373|559 579|622 573|564 361|561 513|687 447|595 491|584 496|583 424|594 578|559 486|591 504|620 489|640 333|569 441|666 626|515 450|673 412|640 415|539 496|577 580|568 321|576 547|631 495|630 321|550 502|691 369|571 437|615 533|631 577|562 501|613 411|683 555|520 560|602 562|589 531|527 532|632 382|555 527|523 526|667 465|691 488|610 417|638 572|558 488|627 313|563 443|599 579|607 594|603 564|581 383|597 588|569 325|548 441|527 361|551 448|689 420|686 598|604 582|558 596|601 488|641 504|626 595|595 381|561 515|603 427|688 590|604 330|563 532|650 499|553 597|598 562|567 499|498 592|532 410|520 406|513 527|699 440|553 598|614 478|617 596|608 530|662 523|624 520|668 596|600 595|601 476|668 481|647 530|664 439|665 423|590 526|556 543|590 576|567 318|570 623|508 519|674 351|568 505|578 406|517 514|528 491|598 427|514 421|549 450|638 575|625 499|640 554|619 355|638 503|636 601|628 480|601 530|526 531|616 618|570 621|496 466|606 538|533 309|567 433|544 334|571 625|552 552|559 535|565 462|618 591|638 581|563 435|552 551|632 415|601 540|556 453|640 546|558 521|573 503|531 465|640 525|656 484|595 396|623 539|539 527|621 386|568 586|499 453|557 532|614 642|531 499|642 430|654 573|573 588|542 526|683 538|522 526|682 484|518 621|566 521|549 597|603 599|497 617|550 619|567 534|554 330|567 479|539 340|586 461|640 615|544 508|668 534|646 499|638 482|681 509|567 470|652 594|571 577|546 418|618 404|514 580|534 588|511 520|588 653|544 350|565 477|543 533|542 417|588 468|702 450|651 377|546 509|566 529|544 565|660 449|699 542|591 346|594 598|620 415|639 452|553 527|556 413|594 457|699 558|667 498|628 635|529 520|624 431|700 382|563 433|506 505|489 513|494 510|501 516|499 514|501 511|488 460|530 414|526 416|529 411|524 422|478 414|533 409|502 460|528 406|486 436|538 411|531 421|478 417|532 467|640 597|614 620|502 462|589 614|560 469|679 455|617 458|652 442|700 426|544 555|670 388|642 455|566 422|589 462|637 577|578 540|636 522|674 580|512 453|547 579|601 534|535 456|631 471|643 500|635 426|546 529|642 324|552 412|585 429|593 511|562 485|566 575|648 577|571 475|610 454|638 470|678 576|627 327|568 365|602 555|566 525|669 326|579 606|490 636|523 507|615 461|622 593|579 572|573 408|626 503|646 457|612 616|547 536|532 526|553 502|661 548|607 368|636 329|579 464|656 405|618 536|592 469|596 517|598 501|627 512|601 517|565 634|519 483|687 633|524 457|599 475|656 467|569 468|670 438|596 440|594 516|663 473|619 561|642 494|502 575|580 508|642 464|552 452|609 372|566 422|640 599|601 618|565 355|556 486|655 455|559 502|672 581|570 537|638 604|511 534|549 551|647 538|607 524|636 569|515 313|595 590|583 408|542 417|633 553|577 504|577 391|562 583|543 477|605 530|631 379|568 418|633 515|619 521|591 435|609 389|569 324|560 513|641 558|570 510|574 333|588 425|679 488|639 362|588 528|569 628|454 685|484 657|496 616|499 690|496 513|497 510|492 519|495 420|550 447|507 432|513 588|490 432|512 432|506 444|500 410|526 434|510 434|507 434|509 440|549 417|536 430|544 427|542 416|533 419|538 424|544 442|549 435|546 439|549 424|541 433|512 497|488 487|476 489|469 490|471 507|482 499|488 505|488 490|470 487|473 602|486 694|501 690|499 641|493 703|501 455|623 690|497 691|499 653|492 639|493 642|540 342|608 581|686 642|543 382|602 540|672 312|560 360|546 309|575 673|496 361|556 371|555 378|552 359|566 581|693 487|596 361|518 336|526 328|561 404|542 306|542 569|694 676|528 349|627 293|537 463|526 466|528 467|528 468|528 464|531 465|538 449|529 447|543 382|579 462|521 451|533 468|537 435|586 465|524 461|528 465|521 467|521 469|523 475|530 505|497 440|536 426|528 477|533 417|494 478|532 457|527 406|480 453|521 446|535 403|598 472|528 408|593 466|541 528|524 560|517 642|598 670|491 530|639 563|611 498|534 465|568 411|551 670|492 576|681 536|685 556|684 609|604 452|605 418|556 548|677 537|677 497|614 333|581 357|551 645|595 321|574 547|519 405|661 507|557 405|662 526|493 500|533 416|664 403|665 503|682 499|550 518|521 523|512 539|535 624|466 538|536 510|700 491|698 490|667 522|697 523|696 536|699 357|543 446|622 635|624 417|545 416|497 495|602 480|616 425|616 410|527 355|534 514|505 540|514 594|516 565|513 539|507 498|508 512|495 518|501 501|503 420|480 421|504 349|536 532|521 446|519 642|533 393|569 401|534 361|652 338|546 321|558 328|549 485|702 361|619 395|569 357|549 686|544 392|568 387|565 308|546 346|642 328|612 322|596 337|601 325|609 339|585 331|585 326|590 347|582 329|615 320|589 325|596 329|590 330|600 331|595 327|588 332|589 324|587 333|587 309|588 331|626 326|595 329|585 331|584 330|594 319|579 304|570 480|684 517|507 327|582 329|552 398|549 366|546 513|637 390|567 380|567 312|564 403|564 389|667 558|620 351|585 474|530 698|486 703|493 696|493 705|493 701|488 704|492 511|550 610|583 552|486 512|681 625|494 627|490 667|486 508|630 636|474 650|490 642|480 690|484 692|489 432|497 412|544 405|476 407|466 539|552 460|520 460|533 424|479 487|493 424|476 329|555 369|555 349|553 327|559 358|553 320|559 331|604 323|607 332|616 342|600 331|607 331|597 341|585 333|594 335|604 323|588 337|599 322|584 329|586 323|582 505|652 522|678 347|539 339|544 315|545 339|541 327|542 339|535 444|495 524|522 591|539 549|535 535|512 550|522 523|526 528|521 544|529 532|505 531|532 539|527 537|545 543|528 527|521 543|526 565|535 529|545 547|540 542|529 521|509 569|538 524|501 543|520 557|531 535|529 575|535 532|518 567|538 545|505 547|542 523|504 527|500 575|519 393|568 529|503 546|503 527|502 417|482 439|543 496|501 440|535 414|497 341|536 384|536 378|532 364|529 689|490 343|517 421|483 352|522 361|525 337|532 333|538 302|558 296|558 335|558 314|555 335|564 310|549 308|540 638|521 315|565 380|536 378|527 304|553 317|561 382|527 305|565 335|560 301|554 403|573 303|553 367|527 366|528 313|561 315|543 309|559 313|558 634|521 349|562 316|557 314|543 307|539 324|562 349|561 314|529 323|565 312|557 349|560 324|557 334|563 342|558 321|559 302|543 350|561 328|564 307|546 314|540 352|587 413|522 596|523 475|522 403|574 336|580 360|524 382|651 381|651 393|647 344|546 347|547 357|557 363|548 352|557 350|547 365|543 364|628 340|537 336|528 338|533 336|529 339|532 352|555 361|540 364|537 357|533 362|545 367|535 363|549 362|543 360|541 349|547 344|545 348|544 524|517 429|516 423|518 425|519 439|514 428|510 425|523 440|516 434|520 438|516 427|520 637|565 514|624 670|500 481|564 478|572 410|573 501|602 505|604 453|564 491|592 513|606 493|592 488|570 495|576 466|580 515|598 506|574 483|576 406|529 699|489 398|517 575|490 399|513 312|548 314|544 326|542 561|565 504|554 350|586 643|458 583|531 351|586 350|590 430|522 411|534 508|501 367|592 648|494 646|497 533|548 488|541 485|542 357|560 302|515 494|697 667|503 353|500 304|543 312|554 357|563 308|554 333|558 309|551 306|553 388|579 605|550 634|486 509|679 335|533 336|536 335|538 387|533 331|521 340|535 552|498 355|540 346|527 330|540 421|480 422|496 396|522 343|537 507|492 334|536 491|497 695|494 336|534 492|499 338|534 325|542 502|499 696|495 317|544 368|535 370|530 328|514 332|514 369|535 400|533 332|515 372|536 376|530 343|535 539|510 332|526 403|527 488|543 534|567 464|615 467|615 441|649 448|657 435|662 531|699 674|553 513|683 649|586 576|659 386|598 350|627 580|651 482|495 580|547 344|626 350|628 482|491 452|528 481|494 480|496 478|502 482|494 484|504 490|507 489|507 494|506 484|503 487|500 489|494 486|507 640|558 491|506 482|503 481|499 481|500 489|500 297|536 408|516 311|545 308|544 455|529 318|528 454|524 313|535 403|514 357|539 427|495 493|481 645|596 337|595 337|602 349|591 578|584 589|591 598|574 340|581 579|580 527|620 578|586 561|605 562|604 579|569 627|545 486|629 539|616 625|540 652|537 373|592 428|612 549|648 544|692 524|673 595|577 586|599 593|585 492|628 370|595 635|568 365|660 655|509 426|675 550|664 437|673 484|696 315|583 532|673 402|671 486|701 431|679 485|611 506|633 532|625 528|628 493|610 487|608 528|623 496|635 622|511 493|628 487|624 561|604 635|502 335|544 650|536 396|618 636|627 484|494 479|495 486|499 484|497 659|615 341|617 325|554 322|512 491|491 417|520 496|497 397|497 320|509 491|490 644|477 557|505 344|529 404|515 449|527 318|532 647|482 329|546 422|495 646|476 362|536 359|540 457|524 492|478 462|519 485|616 352|559 549|678 533|688 452|691 523|684 452|538 528|689 503|504 503|505 355|555 525|699 453|673 557|691 455|539 503|506 514|681 467|674 422|618 484|673 493|686 434|662 488|621 511|666 504|685 530|681 340|540 499|624 569|689 489|496 507|505 564|688 500|502 496|672 506|507 506|505 503|507 402|558 488|643 458|516 379|541 537|561 460|522 495|499 465|621 383|541 385|668 322|565 430|592 522|604 375|662 470|656 576|568 503|655 470|546 379|650 399|679 405|531 463|677 393|631 432|542 533|703 402|481 454|522 454|518 368|557 588|313 521|621 444|307 518|598 415|565 514|623 515|606 572|575 481|540 489|520 498|530 459|522 494|498 494|500 487|548 501|546 497|547 532|555 467|554 518|507 516|566 529|508 535|510 522|573 515|567 519|576 439|561 489|530 520|698 458|543 549|691 512|627 456|518 473|570 362|589 411|649 502|626 457|540 456|635 449|526 366|561 539|534 393|529 329|599 396|534 615|576 555|468 622|455 636|456 373|560 640|467 695|478 598|480 635|463 613|462 590|483 623|588 625|588 630|591 620|647 608|458 647|436 646|436 421|507 422|531 434|501 433|501 422|503 614|488 635|471 632|466 611|488 637|471 595|479 433|617 432|617 468|677 466|629 459|627 469|677 522|518 533|528 511|525 513|519 498|498 393|542 525|523 426|496 513|523 499|499 459|524 499|515 455|519 364|538 520|498 486|500 503|491 530|527 395|667 510|706 475|704 377|647 343|589 347|566 455|696 315|579 419|685 313|552 513|707 311|562 378|647 380|649 305|563 306|568 451|697 451|691 406|687 486|605 515|711 482|700 345|625 514|706 503|711 431|683 381|655 366|639 349|629 361|595 350|617 361|588 314|560 318|571 341|603 468|699 327|586 585|552 578|562 324|588 401|664 366|649 380|647 376|643 344|596 466|687 391|572 334|578 325|565 363|655 358|613 505|495 329|562 376|645 376|666 348|600 322|556 398|648 346|595 338|577 310|543 386|554 469|621 536|630 398|576 327|557 513|499 345|595 373|652 460|624 386|668 364|645 443|700 324|550 516|705 553|492 371|662 436|686 458|692 324|547 394|617 333|578 409|544 372|629 455|646 483|617 417|685 519|663 503|588 418|676 494|617 448|690 352|627 367|638 331|566 469|695 415|607 543|683 522|663 469|700 468|617 331|552 347|587 323|590 413|668 335|568 452|689 443|679 438|688 307|545 489|619 400|628 395|577 323|561 319|584 467|616 461|654 388|630 389|642 339|628 360|588 433|600 382|565 454|685 459|671 466|675 329|569 375|603 529|563 410|674 432|599 328|560 439|657 425|681 611|532 317|578 310|567 386|576 458|645 461|558 399|634 333|575 424|656 564|560 333|624 358|596 558|693 340|605 295|534 440|525 307|551 482|611 326|571 465|673 436|596 448|493 341|622 578|561 384|569 421|646 468|678 530|557 445|674 459|557 528|624 351|622 543|685 470|703 480|705 447|679 381|642 435|498 436|644 395|551 339|611 336|599 447|675 564|580 350|629 578|573 488|572 339|624 430|680 426|633 545|554 465|675 337|574 330|592 510|667 487|571 452|512 454|674 457|671 488|577 393|616 310|571 334|565 320|552 583|554 440|652 384|555 388|624 554|546 433|599 493|653 572|625 381|557 401|676 562|562 451|601 491|574 485|619 387|666 337|571 523|669 333|609 383|557 312|579 460|617 428|526 541|569 329|605 311|582 381|535 398|577 306|538 316|563 430|606 340|606 489|699 308|545 473|698 331|556 450|697 386|665 331|599 330|572 432|601 458|555 411|680 388|651 330|580 399|472 445|679 493|659 412|689 387|569 426|521 346|627 420|497 422|547 446|693 317|557 436|597 575|585 387|626 388|577 339|569 336|579 507|510 419|655 296|549 323|560 425|688 549|524 428|661 370|631 402|520 434|495 541|542 339|599 354|625 526|597 459|687 382|650 412|681 307|559 362|640 565|579 360|598 412|680 486|575 583|569 330|577 456|676 414|684 294|535 358|649 331|608 339|584 544|563 332|573 388|569 408|610 644|539 336|576 520|666 312|566 406|666 419|500 425|664 388|626 453|695 526|627 421|632 320|580 579|565 511|487 562|576 349|626 358|625 478|702 322|600 498|661 470|685 305|571 312|546 437|598 457|550 531|514 492|703 434|539 341|608 555|521 430|659 546|509 546|553 338|575 418|659 417|664 393|622 419|659 460|701 411|605 423|685 405|530 415|682 487|617 378|648 445|652 441|651 437|526 467|694 485|615 408|657 405|655 397|675 385|540 329|577 446|675 385|632 331|616 329|578 418|679 485|703 403|637 478|688 564|576 339|607 394|621 327|552 433|602 417|688 399|669 431|534 342|607 466|549 545|525 534|509 415|630 565|584 319|591 406|685 556|542 333|579 340|592 400|517 520|506 358|597 420|671 435|598 324|613 528|596 333|570 307|552 405|666 514|515 418|665 476|531 395|623 325|576 419|665 474|690 316|570 311|568 331|572 483|690 411|684 498|703 482|689 477|699 400|577 563|580 314|569 563|537 539|542 412|575 440|700 445|536 500|659 337|605 581|564 388|540 408|655 370|661 418|661 396|579 393|628 384|577 578|580 528|566 471|694 325|567 357|559 522|696 438|500 402|524 312|569 342|567 331|579 335|569 319|551 306|545 326|565 302|566 332|575 300|540 341|572 336|565 325|561 361|515 323|555 338|574 328|552 303|551 329|545 337|568 329|572 391|507 390|508 392|503 306|579 341|570 336|572 338|569 339|568 328|573 393|502 393|513 389|504 486|625 503|629 503|637 475|606 502|627 440|544 437|537 437|539 430|519 500|621 488|613 495|622 444|555 502|628 440|547 522|594 467|609 477|619 534|652 546|662 541|658 538|655 545|665 425|497 682|462 425|494 549|629 473|536 439|568 543|552 437|524 493|684 537|695 395|633 372|667 340|573 490|685 449|667 475|684 528|680 501|683 547|686 439|666 485|686 459|679 378|672 339|564 384|675 406|605 499|700 547|689 417|618 466|624 556|689 490|682 427|629 414|548 381|540 491|668 480|666 487|626 488|626 485|626 492|629 490|626 468|688 482|692 487|570 532|534 533|532 392|643 408|606 385|555 330|558 437|610 390|640 360|568 382|561 467|547 344|549 601|520 609|543 530|553 616|623 573|638 576|626 586|622 591|623 614|616 377|667 441|668 468|684 458|540 458|498 484|543 351|590 486|603 457|541 426|585 523|537 479|543 517|561 512|574 525|536 451|624 493|553 490|563 492|580 482|378 413|320 523|617 386|570 434|589 458|680 567|650 442|605 509|556 465|651 504|576 381|575 616|507 519|559 378|613 527|531 580|546 535|672 504|686 526|538 479|529 574|544 567|524 431|533 587|615 457|538 355|595 524|548 516|672 458|638 442|587 562|516 473|689 370|555 391|587 483|632 490|586 519|532 429|536 611|551 470|540 414|625 469|545 415|637 480|630 490|582 517|532 457|681 516|555 465|544 631|512 578|545 451|606 329|574 518|602 507|676 506|566 476|544 589|607 597|617 458|554 467|689 613|574 457|549 575|498 394|539 382|626 361|615 618|519 487|577 443|651 598|603 492|669 468|691 598|592 609|511 408|684 533|599 491|623 531|663 509|626 411|574 584|518 421|639 448|554 603|554 521|604 623|528 529|537 459|637 419|588 443|587 431|537 617|512 555|571 542|669 521|678 456|630 485|632 439|589 464|538 613|539 491|630 496|632 436|590 456|646 419|550 553|641 462|544 621|499 599|591 597|594 375|576 564|511 300|558 613|514 448|544 315|572 445|688 371|569 405|544 591|625 515|529 523|525 463|640 394|589 565|509 401|539 535|516 434|591 450|636 578|542 528|542 517|620 577|543 405|642 416|626 346|557 446|646 525|598 422|644 518|629 378|558 508|561 547|595 471|652 519|621 478|541 520|686 517|669 571|547 514|622 391|624 489|632 453|643 447|661 483|671 430|596 619|553 537|605 517|629 494|634 504|580 397|531 460|640 567|526 522|535 510|576 498|635 380|562 580|548 498|642 413|643 421|586 520|526 628|511 571|499 440|637 510|530 554|564 522|627 540|591 422|641 316|585 598|605 439|696 516|601 553|643 538|593 448|652 619|506 459|692 421|599 615|546 597|599 434|592 481|638 367|569 611|505 535|594 402|542 460|635 570|644 476|634 494|504 360|558 573|540 459|553 506|571 387|575 491|624 393|587 421|539 571|528 435|652 404|641 473|652 506|606 409|536 441|598 504|561 482|534 446|683 378|574 440|675 525|539 596|592 600|616 487|569 542|611 543|613 493|675 527|614 495|694 503|612 494|636 516|606 637|525 535|581 372|552 477|683 412|644 430|537 489|692 546|571 312|591 373|564 436|551 564|587 638|523 620|562 413|596 516|632 528|615 449|631 397|532 521|622 457|554 482|635 573|531 510|671 438|652 436|645 550|569 457|537 572|635 447|598 512|663 528|595 475|643 479|587 443|652 505|559 425|591 536|587 487|622 620|507 487|568 466|544 478|680 529|609 472|535 463|693 420|642 567|527 519|670 613|547 372|554 404|648 538|594 566|503 609|531 599|620 536|658 527|547 607|580 580|519 513|668 406|628 514|558 425|632 630|523 521|530 479|679 463|633 608|530 496|633 617|506 501|669 568|633 359|616 522|669 455|693 465|694 538|535 515|600 440|607 571|533 630|557 494|566 477|627 512|603 476|683 563|587 487|651 517|522 432|549 615|516 520|544 606|555 404|589 474|693 429|643 386|569 629|494 502|617 556|575 537|650 447|651 321|593 456|602 621|508 549|604 566|620 502|638 535|532 527|534 476|532 487|623 508|581 399|632 463|597 411|585 520|674 628|508 446|537 423|594 509|578 516|611 534|530 521|595 536|611 590|589 403|545 421|582 436|693 579|503 466|688 593|582 458|591 577|608 498|551 566|534 476|685 344|587 558|579 502|548 525|625 476|595 481|627 585|606 588|609 423|605 595|572 567|634 565|625 449|538 502|677 496|563 510|607 520|543 427|597 551|578 479|571 582|612 623|514 616|545 436|637 510|668 576|534 560|626 453|633 486|524 512|531 535|597 485|589 477|540 508|615 464|682 523|523 488|628 578|499 512|604 565|636 436|638 454|587 334|570 438|558 441|640 459|548 513|559 463|631 461|689 468|580 455|687 612|578 444|602 323|575 382|615 531|658 565|628 547|594 412|542 529|678 531|603 580|541 487|639 617|563 563|626 428|679 463|589 458|535 358|616 543|664 385|570 512|662 535|538 546|588 514|547 496|564 544|587 448|691 525|668 504|622 610|571 484|643 587|597 507|665 609|550 494|572 567|577 412|605 503|624 580|542 422|544 592|600 493|618 460|599 562|558 515|668 509|670 482|592 355|568 522|656 594|588 487|641 521|539 519|535 500|574 615|549 511|541 520|663 612|549 613|561 502|566 624|501 503|613 500|572 454|643 497|685 582|503 453|538 571|618 408|680 478|581 496|637 572|559 527|530 430|538 591|592 587|595 595|581 561|512 506|668 516|683 438|593 599|595 453|649 576|625 494|624 456|603 414|597 590|595 479|644 592|607 591|607 577|625 358|560 317|551 511|613 382|573 560|568 464|609 593|583 576|508 529|606 389|567 430|600 421|552 519|546 494|588 495|553 489|581 534|614 520|548 427|590 556|566 624|576 437|605 365|558 565|633 563|636 525|551 505|552 395|582 543|591 620|546 518|617 465|678 502|567 480|584 490|583 498|553 490|689 469|692 611|522 520|618 590|501 528|677 516|524 440|698 481|586 634|507 483|697 495|577 565|559 361|558 499|683 498|691 496|576 480|640 431|682 533|672 444|681 487|572 521|668 505|670 466|583 463|694 379|572 497|623 594|586 535|604 501|623 568|554 424|600 545|670 634|512 562|566 517|566 527|539 554|575 415|632 353|556 559|637 522|688 628|475 526|654 539|658 531|662 373|573 477|595 534|516 311|552 455|546 433|519 426|493 466|535 463|595 321|603 500|577 501|577 333|582 503|578 506|561 624|477 432|691 387|577 534|670 428|690 443|510 465|537 455|593 430|515 570|526 437|512 433|502 351|551 443|511 391|683 428|499 438|504 445|690 428|498 514|628 442|516 433|503 568|503 500|563 451|590 495|575 535|541 525|627 411|632 505|560 500|581 407|605 443|553 376|571 498|589 490|519 430|501 449|583 522|658 500|557 510|661 503|555 454|541 375|569 372|581 515|626 539|607 496|555 365|553 512|616 510|619 515|551 495|574 460|548 545|588 456|596 436|552 514|618 545|667 530|651 541|599 468|584 518|623 545|587 510|621 404|575 509|550 605|560 539|671 367|524 351|541 355|538 358|533 375|548 465|703 549|686 606|548 643|576 416|597 450|700 501|646 508|697 360|583 347|568 414|641 509|647 638|560 593|570 579|582 435|526 519|687 602|550 474|695 604|622 580|584 528|585 418|634 547|545 546|685 493|578 518|688 620|611 536|604 457|556 527|578 469|696 544|521 527|686 433|590 630|564 487|586 572|652 499|600 582|657 582|582 613|627 441|585 536|542 452|649 344|564 430|534 506|588 583|577 657|514 487|530 546|548 520|690 347|567 349|567 536|612 524|637 499|592 576|577 562|612 493|525 481|652 647|520 392|578 637|493 509|673 640|576 515|583 461|635 427|544 645|555 558|520 434|603 350|635 530|680 399|617 505|573 503|651 506|645 545|627 535|564 544|543 405|574 545|556 565|608 457|692 511|638 381|606 605|517 567|612 586|584 639|527 543|627 431|644 526|573 349|557 604|558 589|582 415|670 570|589 483|631 497|647 611|491 335|633 578|566 466|510 612|519 413|627 481|649 395|547 590|576 505|646 482|638 500|524 492|541 466|642 577|594 565|613 455|561 493|641 566|609 614|623 591|582 485|647 533|565 575|653 333|618 407|611 576|647 496|646 443|650 560|508 460|681 482|651 476|648 534|575 525|626 606|536 530|622 527|630 501|639 538|626 611|518 457|542 639|591 586|651 527|576 586|575 522|585 477|548 476|588 658|499 642|567 363|586 369|589 514|569 592|527 423|687 512|577 546|673 347|648 387|559 400|677 368|594 346|554 484|598 532|556 469|505 549|665 495|542 451|540 426|600 376|542 503|595 499|543 531|575 602|619 435|597 406|617 601|620 541|552 538|550 507|527 536|688 469|650 594|625 534|690 555|514 605|542 471|506 653|510 548|548 638|575 548|534 499|596 544|626 542|687 559|675 599|539 482|608 408|568 495|597 571|608 639|573 410|627 480|650 548|560 502|530 554|525 401|639 478|608 585|573 562|609 564|601 576|585 417|630 481|626 568|598 556|616 542|679 522|642 529|566 407|615 442|691 559|606 533|629 427|674 541|534 605|618 534|634 544|619 466|553 394|672 541|626 563|600 550|550 417|577 475|552 635|578 380|541 349|517 349|511 457|591 535|676 521|568 358|574 357|573 359|574 539|680 394|543 592|558 409|624 606|534 542|556 559|673 501|595 534|628 481|541 486|540 384|540 394|549 405|562 449|599 543|560 596|542 561|603 509|628 423|634 563|605 654|526 654|508 546|628 559|614 567|598 456|680 456|550 405|619 360|658 362|590 376|546 595|557 497|590 609|523 515|517 576|581 537|566 382|601 475|553 496|536 443|527 506|526 517|675 611|496 381|562 562|615 543|548 608|522 604|529 613|518 550|551 523|639 592|577 387|562 496|588 530|578 528|633 586|583 588|577 544|618 658|515 586|582 399|546 488|545 577|579 561|521 557|516 456|693 486|553 657|513 400|558 402|554 647|519 548|543 495|636 469|681 433|694 351|566 580|647 492|688 348|563 359|585 599|545 476|686 525|557 519|578 572|544 397|565 526|533 620|610 475|568 504|570 389|566 545|521 442|590 343|565 451|675 495|534 473|576 465|683 362|603 597|591 396|556 470|576 526|554 408|690 437|680 484|531 481|544 539|529 569|520 519|654 634|531 460|687 586|506 511|538 525|615 524|601 531|543 490|531 458|548 452|625 585|502 529|540 470|688 525|685 527|557 536|618 551|642 586|630 408|686 543|516 423|545 549|616 341|568 637|531 649|513 509|571 537|606 532|541 438|536 505|566 536|672 396|560 505|554 571|496 457|610 568|665 487|558 521|577 527|528 498|528 519|551 508|557 459|639 546|648 476|556 552|573 629|509 492|693 407|556 484|572 616|515 570|532 459|636 472|618 610|543 456|579 407|662 439|596 395|575 629|580 430|576 579|581 460|630 471|689 564|525 447|536 540|574 382|556 523|692 539|606 515|597 489|686 402|611 339|562 579|577 575|512 494|574 353|653 453|544 581|613 516|512 526|572 593|622 390|557 512|565 448|622 566|665 592|504 422|630 564|513 515|518 406|558 444|585 417|590 519|540 612|548 511|568 481|646 340|564 627|574 547|538 651|517 547|575 509|565 507|578 444|532 510|558 494|681 649|527 590|638 567|582 523|605 483|670 499|528 365|554 548|641 594|582 520|534 453|529 481|588 518|616 507|554 471|531 424|575 441|528 585|624 525|538 561|623 509|688 404|622 450|623 559|573 425|680 426|692 480|532 435|677 534|673 435|594 583|542 541|518 615|566 426|583 503|618 526|518 453|568 439|626 344|569 624|569 627|513 406|637 571|575 615|547 340|560 356|656 617|585 550|570 521|554 616|583 569|513 614|545 521|531 424|574 451|640 402|559 401|559 518|664 611|572 615|519 359|583 619|548 417|641 348|568 344|572 614|613 401|565 385|573 574|587 445|629 400|635 593|603 593|532 447|648 527|543 504|567 575|626 646|536 398|584 459|622 414|624 415|625 449|623 550|647 594|546 488|567 488|525 396|577 513|656 656|508 574|574 627|554 495|531 526|548 622|590 588|503 417|576 529|596 454|696 453|619 537|537 515|672 375|664 498|646 630|520 526|546 510|584 523|532 500|554 474|569 545|519 421|544 451|631 538|621 493|582 438|599 431|689 529|554 537|620 511|554 530|563 580|582 529|621 339|561 525|619 447|591 626|525 553|645 341|563 533|620 432|531 549|595 433|693 520|570 554|514 618|597 620|567 529|541 600|492 340|555 532|599 421|645 449|668 530|614 393|574 533|594 596|602 572|583 526|674 482|536 648|507 547|611 514|545 389|620 495|581 380|570 551|577 470|642 537|675 472|573 448|542 516|685 573|529 631|531 479|569 345|594 471|545 585|618 404|671 406|561 477|570 581|625 453|621 445|601 518|608 541|522 478|569 457|640 531|560 493|633 448|646 570|522 435|538 534|618 424|631 519|614 340|567 600|596 537|540 510|578 500|691 342|556 405|556 630|577 525|634 530|596 447|572 653|507 476|630 470|624 533|523 523|688 542|519 579|498 589|540 392|576 430|622 471|645 457|624 472|591 441|623 580|577 629|530 563|529 542|577 558|652 505|626 461|646 577|547 573|504 488|537 402|621 407|626 598|500 410|617 565|539 504|641 579|621 440|529 521|535 479|577 523|554 401|622 493|632 516|634 501|633 393|652 340|557 501|634 587|552 521|614 356|599 446|632 591|502 440|620 510|627 556|669 346|568 420|685 380|542 444|533 520|633 532|605 589|538 524|628 507|583 438|621 607|614 517|567 476|694 397|543 424|640 518|610 573|586 617|569 579|548 389|608 610|555 582|499 515|607 624|503 640|533 628|579 647|527 416|622 573|544 543|586 576|573 605|567 383|577 447|613 540|603 454|634 521|669 505|630 417|569 623|516 643|523 388|670 594|594 442|638 552|655 450|637 495|634 448|575 524|573 466|680 444|619 457|648 442|620 478|588 547|597 464|671 440|639 545|640 555|580 462|571 517|628 460|634 548|577 577|550 411|591 326|562 637|560 525|629 527|604 572|593 557|508 468|642 509|635 474|571 411|638 645|534 510|564 505|629 412|595 525|599 581|526 490|636 341|574 513|623 479|680 501|621 604|618 609|613 491|571 474|551 471|629 468|637 405|615 460|552 380|563 514|640 354|588 535|588 498|619 399|567 480|537 464|597 542|607 535|641 534|551 342|571 445|572 643|536 604|595 544|601 416|583 487|636 530|628 521|565 510|617 502|602 555|634 421|628 372|549 596|504 548|539 472|682 489|529 446|574 553|638 612|571 446|629 446|599 545|597 420|639 483|628 504|607 549|594 580|551 498|604 529|573 502|608 522|629 502|640 529|592 587|576 462|670 549|592 510|635 444|628 491|634 477|568 645|526 437|643 534|524 537|660 384|578 342|634 399|560 547|643 522|570 506|557 367|602 433|621 518|612 533|608 573|532 510|674 513|575 474|617 466|643 627|579 572|650 410|618 534|660 468|586 528|553 519|537 393|664 583|583 458|671 546|576 338|562 369|552 501|594 598|638 467|623 548|637 511|665 446|644 563|629 407|636 509|612 522|542 465|598 452|645 343|553 527|635 446|572 350|615 475|650 463|628 563|641 527|622 436|621 610|603 373|567 585|504 544|586 503|617 458|651 640|531 417|572 452|543 399|584 500|609 512|606 509|637 541|615 409|615 528|619 515|608 436|668 617|573 576|569 540|606 619|504 486|660 564|583 548|527 483|630 494|625 390|620 631|515 513|601 397|566 546|546 561|584 518|633 480|678 630|530 409|618 535|558 581|581 529|526 413|623 453|622 509|598 553|575 514|601 534|531 491|607 513|605 485|635 504|575 637|521 531|589 483|601 560|630 437|653 650|507 508|675 536|661 533|624 510|582 573|574 510|600 460|633 475|648 582|554 487|564 598|510 573|651 491|622 424|583 411|617 490|631 579|550 532|611 441|536 502|594 549|662 456|592 613|580 516|567 435|616 491|557 402|627 543|620 627|502 484|624 513|677 407|571 501|599 478|628 631|502 447|574 630|553 379|545 330|576 519|603 628|500 468|689 505|637 546|544 550|527 396|603 649|530 486|534 552|660 614|580 510|640 608|599 614|512 416|570 464|613 649|521 475|623 492|639 588|543 636|510 446|647 509|607 545|548 483|573 566|585 476|682 483|668 485|591 547|583 386|606 408|623 558|627 469|670 449|494 493|564 476|645 575|543 486|659 420|616 573|597 545|650 486|616 491|535 463|572 506|635 577|655 484|671 535|536 587|563 484|668 524|569 441|602 496|604 505|520 542|588 374|599 472|568 634|525 441|537 421|590 386|624 447|642 589|632 478|596 578|603 519|675 509|615 490|580 574|623 538|540 645|557 594|502 402|570 632|517 433|529 514|646 484|571 571|558 531|598 620|538 473|644 440|666 597|576 397|618 475|669 482|568 514|667 411|661 455|686 423|587 636|535 467|601 475|565 399|570 486|563 586|611 444|597 619|547 580|502 542|550 484|562 636|560 634|491 623|503 521|544 473|544 513|571 422|570 613|606 496|630 585|541 510|662 392|619 512|612 581|566 624|508 555|511 509|596 433|573 618|538 497|557 321|562 590|502 452|534 499|579 507|607 472|537 623|602 438|670 473|647 418|682 478|560 430|620 489|614 629|527 500|551 536|533 548|652 434|627 455|496 384|607 633|497 577|555 483|667 492|614 616|541 444|598 580|561 478|614 477|596 569|558 587|609 410|619 408|615 406|619 519|655 568|519 420|621 431|676 604|623 418|572 486|639 447|622 405|616 488|645 594|606 474|627 515|609 523|596 521|566 549|583 519|567 593|586 448|545 431|680 576|604 595|582 532|656 475|622 617|546 502|609 491|560 622|520 441|671 513|663 455|629 522|623 489|605 545|527 595|602 468|681 457|579 569|618 418|614 585|609 492|630 563|560 523|664 437|666 453|632 581|602 531|519 494|577 613|607 495|616 615|558 422|624 356|581 580|605 454|647 644|515 515|661 443|675 441|603 580|500 487|619 527|573 547|515 331|577 631|529 440|627 586|545 494|612 446|672 448|662 600|495 387|628 460|538 540|533 645|506 445|494 588|604 501|550 509|658 454|495 582|608 574|610 456|504 442|671 531|531 397|616 340|569 528|608 570|626 527|613 468|577 447|673 582|601 418|579 518|670 498|611 539|340 584|566 460|535 566|591 616|609 448|682 518|655 607|512 597|519 381|546 461|637 339|567 540|657 518|571 423|583 511|564 541|539 456|534 465|606 457|580 503|604 560|667 582|605 593|572 626|576 377|552 490|611 582|568 410|665 526|613 411|618 598|596 522|566 475|679 592|589 431|664 484|597 536|671 616|573 429|676 478|676 599|503 337|575 585|611 578|601 501|661 636|532 384|550 646|495 425|624 465|624 636|497 593|606 492|575 582|606 470|567 589|593 503|620 381|541 340|578 454|687 537|601 508|607 352|649 587|555 565|601 532|659 537|534 460|544 597|613 513|604 542|540 530|548 626|496 456|535 530|678 586|597 491|534 465|632 499|573 595|600 324|565 639|516 523|620 547|516 601|609 458|538 447|686 515|670 438|527 489|532 618|547 356|580 538|620 584|553 580|607 520|648 533|685 336|574 437|572 590|596 479|573 585|554 506|583 605|588 585|564 590|563 431|649 563|586 482|619 334|543 463|632 579|614 579|608 621|559 580|563 521|650 456|621 561|585 450|672 562|601 589|599 430|563 575|642 373|545 505|661 405|587 548|528 516|659 537|562 537|530 494|549 506|551 508|575 353|648 541|627 562|559 606|560 520|619 494|533 532|530 497|563 517|614 504|624 485|643 435|591 532|590 387|556 462|568 488|564 469|583 579|560 584|567 414|569 421|673 590|582 531|557 511|561 400|565 482|527 443|625 404|619 502|613 529|525 569|644 496|629 473|692 549|529 645|489 496|612 630|489 397|548 466|577 485|621 431|538 544|551 561|601 343|571 370|553 583|606 650|510 620|559 523|663 512|621 577|554 541|554 496|568 446|684 482|561 445|547 582|611 525|576 583|567 551|580 549|661 522|675 614|551 578|604 494|567 515|566 594|585 482|544 407|592 485|613 579|557 459|570 467|581 445|695 505|689 459|584 533|678 542|596 472|677 498|622 509|562 542|670 597|538 551|658 495|564 327|579 479|621 502|549 425|595 536|617 506|663 527|564 502|642 468|650 510|570 512|674 639|543 419|570 486|569 569|588 497|616 634|500 492|574 488|569 505|551 576|605 448|672 591|606 641|496 395|612 548|523 536|666 494|558 588|612 508|602 542|542 509|676 629|578 525|580 533|681 479|691 548|589 525|621 592|529 468|579 354|603 537|682 582|545 323|562 497|613 528|681 510|614 371|564 643|490 489|572 558|557 568|594 633|491 556|556 487|562 492|565 478|677 596|584 541|536 538|530 574|551 521|671 597|601 409|629 567|644 509|639 509|663 486|587 496|592 440|600 373|562 477|591 415|540 464|494 519|541 584|546 618|576 424|595 504|572 579|638 366|552 497|591 605|587 524|659 577|545 524|614 487|668 649|505 504|585 484|590 462|667 431|594 487|534 494|590 649|501 494|556 545|532 610|576 636|582 546|602 530|561 509|611 408|566 554|653 558|555 500|548 387|543 494|587 485|563 598|619 402|569 401|569 555|560 460|632 492|592 515|564 428|678 486|651 381|552 634|495 540|675 431|648 533|654 561|570 393|555 516|579 407|661 409|623 627|470 539|540 384|625 448|540 460|579 520|621 514|616 642|493 654|499 435|539 502|582 398|565 432|626 643|511 632|583 632|506 556|614 504|689 473|540 532|558 511|620 488|557 554|661 583|501 491|530 387|557 379|663 638|482 336|571 353|565 346|559 384|610 380|569 357|613 381|560 508|549 368|593 346|588 366|589 460|572 469|582 372|598 550|657 496|593 512|658 510|550 425|627 490|617 513|557 380|550 423|628 507|555 368|577 365|594 430|682 499|555 502|595 360|610 500|591 494|553 378|543 566|544 491|559 478|670 405|569 410|567 475|675 567|544 516|625 373|546 519|626 516|618 470|631 589|618 501|564 501|555 519|574 500|594 567|539 544|665 644|505 360|612 548|512 541|511 517|609 525|623 444|625 541|537 500|626 520|622 535|567 640|482 423|673 543|668 395|543 491|543 468|535 519|665 363|651 378|548 486|520 424|634 520|656 478|673 504|555 412|623 494|559 529|567 434|571 354|591 454|546 357|582 473|593 355|589 330|553 350|582 351|584 349|585 347|589 456|577 482|538 346|590 342|560 348|567 371|600 357|583 502|576 362|614 450|589 645|502 511|569 585|539 628|471 624|487 538|670 646|499 343|604 356|587 571|526 572|524 502|557 639|484 502|559 635|509 643|502 546|658 500|560 512|566 638|488 435|495 433|494 627|477 496|550 475|542 340|590 462|591 615|586 346|570 414|578 418|542 398|564 587|624 448|589 380|610 571|517 625|473 356|591 375|565 591|632 417|681 359|575 536|651 367|591 391|571 390|555 386|559 342|557 598|505 371|607 352|603 452|506 351|593 467|605 362|595 546|554 514|572 457|659 497|600 483|598 415|687 544|681 551|549 485|543 505|599 632|595 634|579 520|636 540|562 500|699 541|632 509|631 539|688 631|555 421|642 459|520503|641 373|642 492|652 525|687 519|700 533|635 501|696 428|559 538|701 529|636 438|660 506|636 519|691 510|657 554|648 512|623 517|640 351|562 477|707 297|534 535|642 502|708 447|656 531|693 527|640 530|696 511|640 529|701 485|700 301|533 361|609 505|569 478|647 536|645 545|628 452|661 545|675 516|706 368|578 520|702 426|687 526|685 513|631 560|702 312|522 512|659 517|699 503|525 404|520 524|625 526|645 456|623 528|577 497|608 418|646 447|608 501|610 413|652 515|599 584|681 590|679 416|657 370|546 517|578 402|612 326|551 380|626 327|546 366|590 333|548 336|552 347|586 327|548 338|548 333|551 354|594 351|582 385|623 365|630 597|670 592|667 567|649 589|662 561|682 600|670 666|494 369|563 340|543 430|556 381|522 351|603 354|600 570|687 449|600 398|600 526|585 519|593 516|595 365|566 415|610 399|536 320|515 529|509 396|533 388|534 393|578 378|556 477|643 587|583 577|585 625|482 482|546 371|556 370|624 417|653 362|569 355|561 311|555 658|476 472|699 367|538 489|706 476|525 682|528 298|562 323|580 336|619 370|552 594|595 673|560 423|546 476|699 483|639 584|592 529|684 339|603 376|547 398|647 451|519 560|604 364|546 398|643 450|560 620|521 495|568 553|671 441|663 607|600 480|701 444|656 498|596 419|559 585|557 466|515 488|706 403|600 395|570 358|542 527|606 427|554 568|691 376|576 308|543 359|537 642|495 643|495 360|534 635|494 495|704 579|675 630|551 491|555 394|600 374|591 660|493 645|501 613|634 454|529 454|531 454|532 464|532 458|531 443|500 508|486 491|479 496|490 647|489 686|494 692|492 694|491 528|514 486|547 450|605 486|576 616|619 498|659 616|612 672|552 557|627 547|620 641|501 323|519 329|527 319|519 319|533 326|535 316|517 631|467 553|663 522|685 640|593 667|532 682|529 457|680 416|477 471|493 409|499 610|483 406|515 649|603 538|697 625|608 487|702 474|501 654|580 712|493 567|492 449|524 551|494 590|662 579|658"],
    ["DEF", "493|474 532|546 499|457 532|547 501|456 554|518 496|462 556|523 556|545 563|546 562|547 393|525 397|542 395|548 394|548 394|550 581|560 581|561 581|562 583|560 585|567 496|455 477|608 537|531 497|452 477|613 592|574 549|522 592|575 466|613 541|608 541|609 542|609 542|531 543|610 540|612 596|578 597|577 541|613 597|579 542|614 542|617 550|530 486|627 549|532 557|617 393|492 540|633 474|639 483|642 525|641 526|642 481|654 394|524 486|656 485|656 467|656 486|658 485|659 487|661 469|661 457|662 482|666 481|670 485|675 484|675 468|676 457|686 474|689 519|690 465|614 538|611 538|612 541|611 539|612 542|615 540|616 480|637 542|632 483|652 485|657 458|678 500|490 501|493 500|493 499|493 514|499 539|550 540|550 536|553 537|555 522|562 533|561 546|555 547|556 545|558 545|560 547|560 549|560 483|485 547|565 538|573 526|578 572|552 523|580 573|553 525|581 525|588 528|589 456|483 526|592 530|592 593|551 593|552 580|576 480|588 467|607 478|612 484|614 498|618 489|620 494|635 486|620 466|616 449|616 446|615 457|627 425|612 434|619 424|615 454|630 609|597 418|615 433|626 435|627 429|624 423|621 434|628 432|628 587|622 589|621 433|629 423|624 432|629 587|623 589|622 589|623 588|624 590|623 587|625 588|625 448|450 422|627 587|627 419|627 589|627 424|630 588|628 591|627 579|634 590|628 645|574 579|635 577|636 581|634 590|629 589|630 591|630 590|631 575|639 585|634 648|574 576|639 590|632 444|462 650|572 577|639 424|636 591|633 590|634 577|641 591|634 592|634 579|641 593|634 592|635 579|642 593|635 569|647 576|644 570|647 409|632 649|585 432|650 432|651 651|596 658|586 654|595 429|658 665|591 409|655 666|597 665|599 677|580 405|657 648|622 679|582 669|599 661|614 684|579 510|703 681|585 681|586 511|704 681|593 673|609 412|675 522|710 417|682 498|626 468|523 377|606 408|671 495|496 498|532 498|537 494|483 495|529 487|527 489|538 488|498 501|548 485|549 533|552 425|587 533|556 527|569 466|542 515|560 532|559 455|520 434|530 638|463 432|518 428|516 426|509 416|516 417|520 418|525 417|516 637|470 643|465 642|469 480|543 496|537 485|560 498|543 514|519 498|507 478|500 470|499 509|517 511|521 538|519 525|504 619|454 337|535 502|506 429|510 507|499 698|476 647|481 691|474 473|517 373|529 321|573 434|598 457|544 451|516 451|599 501|501 420|670 450|514 510|671 481|695 447|535 431|592 539|558 408|470 564|520 455|538 524|494 453|543 407|474 292|536 615|622 433|497 318|578 497|661 482|617 449|536 389|558 522|500 450|515 308|568 433|612 453|523 468|658 326|607 500|498 441|532 427|682 439|542 523|499 408|513 403|669 322|577 404|483 436|531 303|573 437|486 456|532 405|482 525|501 526|500 528|507 521|515 543|503 451|545 526|501 516|504 398|512 462|550 526|502 402|492 515|502 454|543 418|637 514|507 313|593 456|542 326|614 393|504 393|509 390|506 392|507 392|508 601|547 499|541 541|556 506|489 502|495 612|623 574|624 635|592 573|634 564|624 624|617 443|517 437|515 433|514 446|520 373|575 449|522 506|496 484|492 477|496 480|498 326|578 483|493 480|490 507|616 475|496 479|488 482|487 306|578 453|516 457|536 642|466 477|492 504|511 594|631 325|553 657|624 473|510 477|498 595|629 483|706 314|581 481|652 562|630 542|674 669|507 308|566 458|706 504|618 336|608 583|658 575|666 563|677 585|687 630|566 504|614 327|597 588|660 322|593 571|686 574|628 456|658 321|585 322|598 315|557 574|634 309|569 663|504 341|636 443|701 634|566 569|667 663|484 595|612 299|567 516|496 553|499 551|498 468|486 340|534 350|527 449|505 448|503 575|488 485|498 526|532 444|534 429|529 471|520 489|510 508|498 414|484 545|576 576|494 420|494 456|513 399|520 408|498 362|532 325|536 690|483 577|492 509|494 427|494 537|512 481|495 379|535 363|528 573|491 557|500 625|449 507|510 493|495 499|502 489|482 347|535 338|529 430|497 424|495 332|529 345|525 358|528 420|499 421|502 461|516 349|534 350|528 506|506 506|510 604|642 520|500 534|512 435|507 475|514 695|498 636|473 638|474 648|483 646|481 508|497 510|480 369|548 431|507 450|517 461|521 417|534 605|481 488|476 492|483 496|487 507|484 487|475 505|487 496|484 495|481 497|486 494|484 496|485 492|487 466|510 670|490 623|481 625|491 630|486 629|468 609|484 626|464 612|477 604|482 613|479 644|476 628|463 313|548 667|497 319|580 323|597 644|564 574|682 479|705 630|661 332|618 479|658 645|565 561|677 327|598 623|577 343|597 370|545 366|624 413|542 594|646 353|632 334|604 394|602 475|643 619|584 623|667 465|705 317|577 576|674 320|591 578|541 311|566 312|547 464|524 439|515 440|518 464|523 467|520 465|518 408|479 486|526 621|460 469|532 388|651 545|525 525|514 512|498 520|496 535|518 559|502 350|633 476|531 489|536 401|542 495|510 558|499 588|528 546|525 562|499 545|514 605|513 560|501 394|529 586|516 580|516 542|512 395|527 514|502 515|498 511|508 500|504 496|517 511|503 514|497 499|506 497|508 484|499 511|510 354|521 343|523 359|530 472|520 471|521 620|490 653|500 710|497 654|498 652|491 627|480 699|493 650|491 638|485 704|497 639|485 642|482 637|477 708|498 635|496 648|492 708|496 699|496 704|491 628|483 649|492 398|625 475|527 587|638 392|627 359|627 479|697 358|561 424|600 477|615 615|491 463|548 374|539 560|576 423|689 426|619 492|701 294|535 309|543 312|537 306|538 394|630 397|629 455|594 428|643 355|558 586|652 422|693 634|479 640|477 634|489 634|497 701|490 696|492 697|489 708|491 628|478 698|487 699|488 625|480 625|488 624|491 437|510 621|475 670|486 624|463 624|470 618|468 622|464 622|476 624|485 623|479 619|476 633|465 622|483 624|465 479|641 622|468 626|465 629|458 609|481 690|501 611|475 652|486 654|484 406|466 336|533 354|541 347|546 346|546 339|533 310|546 330|523 327|515 332|525 406|516 359|528 385|533 344|531 345|521 581|477 328|540 350|515 371|536 422|500 349|525 420|505 417|496 425|496 456|514 419|485 324|537 355|525 346|536 356|543 336|558 296|551 300|549 356|564 333|544 310|559 313|560 380|532 379|532 342|559 303|560 315|564 316|554 317|556 334|564 312|561 476|495 302|537 299|560 352|532 424|497 629|459 422|493 313|546 420|493 336|540 330|539 369|521 353|497 636|525 362|563 308|553 311|554 456|507 334|556 339|554 485|476 487|477 333|520 575|491 377|530 331|522 332|537 538|513 336|524 333|522 408|515 403|521 341|537 332|533 325|508 703|494 700|487 692|485 497|500 426|497 482|506 421|482 418|483 340|523 396|501 313|544 335|536 314|547 574|493 339|539 509|497 500|497 335|537 334|539 337|534 310|547 576|487 451|506 622|467 470|516 422|511 376|534 620|473 368|537 357|537 383|534 550|509 608|483 367|536 354|531 402|527 318|520 331|513 326|537 576|492 448|655 424|646 426|649 434|651 418|665 433|664 487|489 508|489 504|494 631|459 422|520 610|482 494|494 625|576 478|671 440|674 519|670 595|631 423|678 596|635 385|672 414|669 364|657 367|657 426|644 631|628 487|699 628|643 494|708 623|654 314|600 318|609 401|568 488|495 488|492 480|500 481|498 481|502 485|494 483|496 488|508 483|500 493|496 486|498 489|491 326|544 478|514 408|496 322|514 360|539 611|476 643|473 315|546 484|512 610|480 312|523 321|541 539|514 425|493 330|545 307|550 450|527 427|521 648|477 647|475 316|548 480|511 553|495 412|515 647|479 331|608 559|645 497|705 291|520 342|612 554|684 507|649 341|608 372|623 410|673 449|699 495|645 377|575 384|626 518|641 463|647 439|643 324|575 493|619 377|624 513|636 471|699 516|650 521|692 447|685 371|617 499|655 434|698 411|693 456|700 396|648 558|626 556|635 488|527 371|657 322|574 451|700 457|642 572|635 532|659 493|709 517|669 548|677 558|657 586|622 519|675 383|616 363|587 474|664 536|696 472|609 360|592 386|615 385|614 369|606 314|524 479|673 357|590 492|674 369|612 328|572 523|663 550|647 473|702 557|653 576|662 513|652 586|671 317|576 556|653 380|584 309|544 309|541 341|567 332|574 331|568 559|644 509|647 341|610 521|586 522|607 528|587 524|604 506|614 324|595 509|613 505|616 504|615 505|617 505|619 504|619 391|645 528|610 421|630 502|643 416|642 329|601 362|638 359|623 420|658 416|686 453|656 496|706 328|590 483|684 472|706 480|711 572|657 451|704 420|698 388|679 486|702 389|678 381|644 471|701 480|702 421|694 445|698 409|682 528|675 468|554 438|637 479|654 374|602 468|685 354|597 323|584 454|638 439|569 467|678 439|680 380|627 329|552 349|603 334|551 355|602 345|597 340|522 348|516 469|629 448|695 372|600 356|603 337|544 357|560 344|555 596|660 557|664 595|663 583|672 598|656 587|667 570|692 565|676 574|678 591|676 557|699 589|676 564|683 579|689 321|605 314|539 301|574 305|539 522|603 522|605 521|608 398|596 508|552 424|589 458|615 466|615 465|616 490|608 483|616 428|657 476|669 464|606 357|565 473|618 384|584 404|586 357|556 393|591 358|568 375|579 366|576 367|578 404|604 390|595 402|607 365|580 401|600 387|593 405|588 400|599 368|587 471|616 571|680 403|683 553|684 570|686 346|607 568|688 573|687 567|692 554|690 352|609 581|687 334|609 581|686 583|669 448|603 504|604 379|574 379|573 417|611 375|578 370|576 424|618 424|605 373|578 463|623 371|581 450|613 412|599 444|605 415|599 525|585 393|582 373|568 448|601 382|582 379|566 449|606 371|567 449|610 371|568 461|616 531|599 382|581 468|611 632|513 655|542 334|510 638|552 614|474 532|510 585|488 387|529 520|507 641|554 501|505 649|526 612|509 586|521 339|521 636|556 510|709 331|536 421|495 578|603 584|643 566|653 480|546 400|625 399|679 418|639 456|551 360|594 478|700 419|557 408|610 407|640 392|630 664|569 415|639 618|491 404|644 398|581 407|686 397|640 367|548 376|568 589|635 360|549 540|545 472|700 330|612 467|698 338|615 566|659 327|573 618|561 416|691 481|550 381|642 612|505 428|651 370|547 494|709 618|664 410|635 374|551 491|624 382|650 316|589 430|649 342|607 383|651 376|554 404|640 372|550 428|661 408|626 487|701 445|705 428|645 387|554 472|695 468|701 515|671 423|654 408|636 447|702 614|627 342|623 378|545 354|515 360|554 391|627 390|628 644|535 381|572 400|637 426|658 394|627 424|657 413|635 528|526 404|685 423|691 440|698 599|518 643|537 431|558 355|590 388|630 408|685 390|571 336|603 445|697 314|571 527|634 609|496 518|665 436|647 391|636 572|658 392|642 395|606 496|705 586|524 560|578 377|668 308|555 369|546 417|657 446|659 523|529 348|610 422|538 635|563 519|608 668|505 320|602 372|635 468|625 416|674 644|565 463|621 471|621 347|620 411|634 377|615 553|573 636|567 323|600 519|531 478|709 503|652 454|698 534|538 415|607 630|563 634|565 661|512 549|644 460|707 477|702 520|612 397|606 498|504 467|624 514|607 628|535 560|577 604|598 402|633 410|658 498|706 653|618 417|609 415|650 481|557 344|529 481|555 466|623 617|582 356|639 442|596 311|571 516|547 343|610 415|536 458|670 621|589 587|687 360|635 344|617 470|703 381|599 662|613 495|566 435|701 395|597 595|537 411|648 376|539 408|656 410|648 405|655 605|511 341|609 608|571 505|589 621|494 459|671 655|607 432|700 462|530 610|668 577|538 646|503 346|619 595|649 590|651 664|614 575|688 671|511 679|601 428|518 468|527 441|499 492|476 447|513 443|511 492|481 492|482 510|498 621|476 620|477 622|478 525|566 533|554 451|609 604|550 534|553 466|552 618|577 611|605 617|589 523|576 318|511 324|516 314|534 317|520 316|513 317|532 423|504 424|514 503|503 487|488 479|514 314|544 615|479 485|507 391|517 686|478 414|521 361|526 557|496 399|523 683|490 614|480 449|655 308|550 386|665 383|675 431|700 527|708 392|666 433|694 516|701 394|666 433|693 436|693 417|653 457|699 442|691 468|702 454|696 455|696 503|711 448|691 515|711 451|691 511|709 505|706 516|706 526|707 528|707 518|705 542|707 515|704 537|706 516|704 514|703 441|653 524|704 522|703 517|702 520|702 443|652 515|701 442|651 553|703 519|700 538|701 582|697 447|648 582|694 441|640 453|646 576|692 526|692 520|690 519|689 528|689 521|688 469|646 546|685 472|640 494|646 465|632 496|646 501|646 509|646 484|637 545|650 482|635 462|646 485|635 504|641 499|638 529|645 485|632 483|631 495|636 503|638 565|644 482|628 553|643 522|638 518|636 538|639 516|635 524|636 508|630 505|629 527|633 528|633 521|630 517|629 520|628 524|626 521|625 530|622 533|620 528|619 567|606 566|604 606|681 586|617 614|678 580|618 591|615 589|615 595|613 572|619 607|679 588|615 581|616 585|615 594|612 513|702 596|611 595|611 592|612 613|675 581|615 566|617 630|667 617|672 593|610 614|673 567|616 582|681 591|610 570|615 575|614 583|612 566|615 581|680 577|613 581|612 579|612 613|671 585|610 628|665 590|608 567|613 619|668 571|612 625|665 620|667 614|669 611|670 593|675 604|672 585|608 632|661 605|671 575|610 646|653 610|669 581|608 606|670 625|663 605|670 637|657 607|669 582|607 606|669 633|658 623|662 580|685 629|658 581|683 580|683 632|655 625|658 635|653 624|658 641|648 637|650 640|648 636|650 547|647 653|638 656|635 646|641 671|622 638|645 475|704 639|642 663|625 634|644 599|671 595|672 640|640 637|641 596|671 455|687 596|670 461|689 455|686 594|669 593|669 650|643 580|623 650|642 636|634 592|665 635|632 639|629 627|635 632|632 626|635 647|622 650|637 582|664 663|627 630|631 580|664 660|629 650|636 667|623 635|627 650|635 593|660 643|639 665|623 591|660 644|638 621|633 669|619 589|660 587|660 590|659 594|658 666|620 649|633 656|628 667|619 614|634 626|628 590|642 595|657 648|633 665|620 601|655 597|656 589|658 653|629 647|633 555|662 593|640 595|656 648|632 643|635 649|631 597|655 650|630 654|627 592|656 651|629 648|631 660|622 652|628 661|621 616|630 591|639 651|608 582|641 663|619 597|654 661|620 591|655 663|618 590|638 597|653 589|655 596|636 588|655 618|627 657|622 569|658 587|655 591|654 615|628 586|655 659|620 651|605 601|651 590|654 628|621 564|658 589|654 588|654 658|620 595|652 591|653 567|657 598|651 594|652 564|657 589|653 611|628 584|654 613|627 596|651 592|652 595|651 567|656 595|633 565|656 597|650 589|652 603|648 592|651 595|650 594|650 566|655 597|649 631|635 564|655 584|652 596|631 588|651 592|650 591|650 567|654 590|650 596|648 623|618 583|633 595|648 587|650 591|649 565|653 584|650 561|653 596|628 590|648 566|652 565|652 596|646 559|652 619|617 586|648 581|649 566|651 589|647 596|645 623|614 558|651 591|646 586|647 558|649 566|646 580|640 582|639 563|648 597|631 566|647 564|648 596|632 559|650 567|647 562|649 598|631 565|648 583|640 577|643 597|632 594|634 564|649 580|642 567|648 587|639 594|635 589|638 582|642 584|641 577|645 585|641 594|636 595|636 583|643 594|637 551|620 587|642 589|641 596|637 593|639 581|646 594|639 585|644 587|643 598|637 582|646 595|639 597|638 594|640 581|647 587|644 584|646 597|639"]
                ]
//////////////////////////////////////////
if(localStorage.foxtalTypesVillagesOFF == undefined)
localStorage.foxtalTypesVillagesOFF = "";

if(localStorage.foxtalTypesVillagesDEF== undefined)
localStorage.foxtalTypesVillagesDEF = "";

var attack_table = document.getElementById("incomings_table").children[1].children;
var number = 0;
    for(var i = 1; i < attack_table.length - 1; i++ )
    {
        var attack_name = attack_table[i].children[0].children[2].children[0].children[0].innerText;
        if(!attack_name.includes("/Fox/") && !attack_name.includes("Atak"))
        {
            for(j in villages)
            {
                if(villages[j][1].includes(attack_table[i].children[2].innerText.slice(-12, -5)))
                {
                    attack_table[i].children[0].children[2].children[0].children[1].click();
                    attack_table[i].children[0].children[2].children[1].children[0].value+="/Fox/" + villages[j][0];
                    number++;
                    break;
                }
            }
        }
    }
UI.SuccessMessage(number + " commands to change")
document.getElementById("incomings_table").children[1].children[0].children[0].innerHTML+= "<div><input type='button' onclick = changeName() class='btn btn-target-action' value='Rename'><br>Left: <span id='numberLeft'>"+number+"</span></div>";

var script = document.createElement("script");
script.type="text/javascript";
script.innerHTML=`

function changeName()
{
        for (var i = 0; i < document.getElementsByClassName("btn").length; i++)
    {
        if(document.getElementsByClassName("btn")[i].value == "Zmień nazwę")
        {
            document.getElementsByClassName("btn")[i].click();
            document.getElementById('numberLeft').innerText--;
            break;
        }
    }
}`
document.getElementsByTagName('head')[0].appendChild(script);
